Loss
0.00881320667267
7.65799620628
7.17575759757
7.49635817981
7.76409495413
7.53803254795
7.73172647148
7.73591255862
7.94401571777
7.84387526648
8.10131201446
8.05853484061
8.17236869545
8.13934930909
8.10819203663
8.20173775661
0.00467061948776
7.99835683107
8.04465585107
8.09345982808
8.12471767907
7.9859113681
8.08674119908
8.26591630396
8.11408767372
8.10165109122
8.15317418462
8.20240980858
8.17533927989
8.10515757382
8.18234143174
8.09586550455
0.0119826011658
7.99855673397
8.37446257275
8.02730169314
8.23911857429
8.0071531533
8.19897955889
8.04179959875
8.09760772371
8.19229030865
8.22286684984
8.0471020613
8.06962250119
8.15820996141
8.09112465179
8.04146669012
0.0119126939774
8.12945801697
8.06759695074
8.12827158931
8.11920168856
8.03742816371
8.34033817679
8.13754218221
8.27592433277
7.96324774322
8.23470013866
7.95993459541
8.17808810171
8.12123302281
8.21667314076
8.17152148339
0.00777600049973
8.05734960124
7.99719203389
8.09534178871
8.23665941793
8.25053074116
8.18537878722
8.10836770815
8.11920231986
8.28164568454
8.15642179364
8.18277508771
8.00884646785
8.1499907822
8.01216358036
8.1856408051
0.010179526329
8.19449755684
8.25809314287
8.04954155469
8.22355908957
8.25935580108
8.05658456331
7.84445175433
8.2463804571
8.25170188856
8.10005560175
8.16796491528
8.09373651779
8.26115190786
8.09486472614
8.16784680948
0.00807761001587
8.24907587025
8.14262714708
8.15689061156
8.00751327324
7.93285252446
8.22987375355
8.17890098745
8.18006128931
8.12735617447
8.19918501529
8.0439186016
8.09208369526
8.29442098124
8.28798344409
8.15847980861
0.0100358839035
8.14258858456
8.21840159583
8.22819697469
8.27241608852
8.21523300016
8.25080184475
8.04575259258
8.17969935161
8.16797145927
8.06937693164
8.11126913863
8.14262262374
8.12112476397
8.08679356706
8.17912226736
0.00961504173279
8.01778051186
8.10686324733
8.12565276054
8.30930364221
8.12501810741
8.21208511159
8.08895037657
8.20097797215
8.26354359722
8.203350896
8.12841776046
8.28793866931
7.98785713401
8.10545372686
8.26238152465
0.00703950881958
8.3046713098
8.1827443203
7.9690151341
8.15547052705
8.16435863319
8.04758734527
8.19891175622
8.08714321987
8.14531562865
8.32467228919
8.0886238088
8.17543732834
8.20946855831
8.11707113281
8.17707596552
0.0120100679398
8.16189479351
8.03983581893
8.36126924819
8.35615853904
8.11214102516
8.1400849309
8.14415931588
8.13493322104
8.096840929
8.02074141106
8.24605413204
8.01860411382
8.2996222904
8.15195783731
8.30812012976
0.00812862014771
8.18912144265
8.12459008421
8.28929599598
8.26064206633
8.1834963986
8.0499663326
8.14618736237
8.13660448009
8.19056091827
8.11296240282
8.0774460468
8.15089224708
8.16790396947
8.3160551731
8.13985298964
0.00350719237328
8.0196859436
8.1220888043
8.2995220606
8.21998640737
7.95425360745
8.21050435483
8.1721317578
8.03572747108
8.1879903942
8.11095421129
8.07528489274
8.17375201786
8.20635427433
8.17380717428
8.22654822204
0.0119308433533
8.14584551799
8.23951629044
8.1756361129
8.17216710126
8.19161799407
8.26098493981
8.12719759977
8.28667014393
8.12636121507
8.07422220707
8.00554603836
8.19953587161
8.12850229136
8.08156330967
8.12453669649
0.0119140205383
7.99012153829
8.22770486265
8.16877351701
8.06149468976
8.30224488002
8.18137381431
8.35488045421
8.22340808892
7.94405728835
8.18846900174
8.19589085656
8.13543420339
8.12598891166
8.24194777524
8.21598814759
0.00143730759621
8.07200911984
8.2760574663
8.25714305177
8.14451827632
8.3422177183
8.09460338363
8.23036122489
8.08727488244
8.27263972765
8.28449899499
8.07692358707
8.28513783145
8.06672517166
8.11281887302
8.08915423863
0.007977435112
8.20510202378
8.14950972017
8.13302783144
8.06119315058
8.1825910597
8.25367642361
8.22024078506
8.04412710989
8.09091002658
8.3051627216
8.2879001739
8.17518766822
8.14659990889
8.15341708824
8.21106196988
0.0062337346077
8.19010527715
8.27124527752
8.10034780937
8.08904130095
8.03131555793
8.09719139424
8.16617105493
8.26500793645
8.26604798284
8.1978270984
8.15495762339
8.20917166245
8.14377354747
8.22612229925
8.21587837178
0.00303184342384
8.19804616755
8.22824957433
8.18590159419
8.131538921
8.12629878591
8.1094545868
8.31341572759
8.3889091633
8.31165439177
8.23719581921
8.18949211416
8.07573199655
8.08775838518
8.12522405732
8.19058319911
0.00924233436584
8.35967143112
8.1316840831
8.09118016368
8.17711586231
8.22622609672
8.21495623966
8.22018681538
8.15082313153
8.37281121454
8.10921163225
8.28063574556
8.17447015229
8.21194599086
8.12755495304
8.22179919672
0.00914738178253
8.27641366464
8.24634122843
8.07987582126
8.1051745875
8.3115747596
8.19535814574
8.13969524598
8.22774554026
8.20341384119
7.99739450896
8.27967366935
8.17541795737
8.32285035464
8.2990394202
8.30084397478
0.0114988059998
8.34027925757
8.29141649345
8.1523020262
8.18590734369
8.24325190365
8.05667352489
8.22193095613
8.15238281042
8.31234118897
8.21041066584
8.286185873
8.3153123358
8.04347684942
8.09008444437
8.20385720897
0.0120474882126
8.11331350791
8.20341586539
8.26097546047
8.31156804314
8.10619015381
8.15262236488
8.2011184856
8.27915646962
8.29530609914
8.17615022978
8.16903316961
8.35007686043
8.08004033669
8.44059561169
8.14577644563
0.00660249710083
8.30737897609
8.20683932123
8.09604274946
8.10585321862
8.36646174164
8.31659788449
8.19812078792
8.05633134767
8.181481304
8.19302452967
8.25022564563
8.30716968605
8.13424891611
8.33365864417
8.24767923883
0.0110413236618
8.3163488746
8.23390897974
8.24268268238
8.05881066591
8.23919935128
8.15704719144
8.31971168457
8.32402308434
8.30154999252
8.44507697419
8.21807615283
8.23924569494
8.03777278953
8.28507807392
8.15245069417
0.00709841966629
8.08779843044
8.26061217016
8.23227475476
8.26077109027
8.16421129569
8.142971117
8.13790708002
8.21644481687
8.13847943486
8.29116536257
8.26564129819
8.15097491391
8.35322428188
8.37816164006
8.23755776751
0.00814191913605
8.28149355222
8.42002324408
8.39126859772
8.12453480455
8.29005869347
8.21753935539
8.1652047544
8.4523961615
8.09755899531
8.20440185454
8.37069651219
7.96165374619
8.16758306843
8.21279083003
8.20565495221
0.0118896141052
8.27568701449
8.0292904871
8.30164721382
8.31157553606
8.32982667653
8.2515524336
8.27960087249
8.20086275207
8.16287530237
8.07990438119
8.22904387173
8.34172261426
8.24490873531
8.15536464012
8.26494028392
0.0121444816589
8.32486459035
8.33513789377
8.32004380956
8.17444984159
8.24164422774
8.1587564227
8.24190516335
8.2773750785
8.22937646687
8.02993322769
8.29600402755
8.25280569534
8.22733831745
8.21250385372
8.29385594165
0.00245134949684
7.98974932369
8.35709156668
8.31245685047
8.09836524753
8.3362245002
8.23946302608
8.25694711274
8.06379461733
8.29604581797
8.41475178149
8.32219137196
8.5284068905
8.06144920075
8.08365458944
8.37469318837
0.00287878346443
8.21560651845
8.25876233366
8.40838741928
8.20543612321
8.2633900716
8.17175399947
8.43730086513
8.32344377869
8.29005369776
8.3357885397
8.1796695751
8.22583222069
8.36740026262
8.15491706482
8.21585585773
0.0119400310516
8.15452773809
8.36251278366
8.23488624272
8.27281807995
8.26450343144
8.09238554989
8.36307961379
8.28483575004
8.27315446696
8.22055182113
8.35596538175
8.35400581475
8.01465520918
8.24089587241
8.12980037962
0.0060327963829
8.41981438145
8.20113409269
8.30331830376
8.14490134108
8.45751469177
8.28952300604
8.22794344785
8.2341375128
8.30365193025
8.10507276282
8.29111551056
8.15676468345
8.15497489432
8.26634758648
8.31619013005
0.00295658397675
8.37057804828
8.24489976123
8.11125457151
8.22386204275
8.3321518046
8.28253405035
8.22723069075
8.09367946613
8.05727493063
8.24614055277
8.30282428849
8.36252004842
8.4563562796
8.29946754062
8.27267595023
0.00476192522049
8.16598890746
8.28114806928
8.26982009876
8.25641115385
8.3246430876
8.35549721599
8.1994862727
8.29704762395
8.21800258091
8.31007048741
8.18994742925
8.18481068369
8.37387115576
8.26705292162
8.42528582065
0.0119558238983
8.12736235663
8.16762675042
8.28421213514
8.30599982968
8.16650685655
8.15754886591
8.24810312434
8.18389807509
8.39316385575
8.27558419964
8.34776004666
8.30983671021
8.4199708793
8.25394922715
8.419945887
0.0121775178909
8.28914970961
8.3416555744
8.07816171842
8.28930875531
8.23353728706
8.47716039163
8.23371312684
8.2034824962
8.18076055272
8.35137185183
8.22368949099
8.32241908282
8.00737258892
8.28590152866
8.39678236258
0.0119221277237
8.09439749098
8.23172228318
8.30080234472
8.32825965971
8.39834989148
8.2004186936
8.29710806674
8.19889405847
8.27459251302
8.46813994072
8.19637353396
8.31967326824
8.26764318711
8.33548418702
8.24090335733
0.0119734783173
8.26507464035
8.10242812419
8.20774703014
8.39513663095
8.18927276003
8.31332027376
8.33476304869
8.52824188213
8.28171636647
8.37663122506
8.0580307459
8.38496507044
8.15281859843
8.40941459721
8.22172293279
0.0116425018311
8.29740965863
8.32999236792
8.2587613249
8.22851370438
8.36502779628
8.28713971563
8.27569298247
8.24640951529
8.15530902108
8.20961237724
8.18749984752
8.37958209378
8.33634221309
8.10665322991
8.30249223474
0.0119036693573
8.26125492745
8.20166332439
8.18860574678
8.36117742425
8.40916532612
8.29936914445
8.35540113797
8.25720789583
8.37999539173
8.096574966
8.28233201973
8.17514604408
8.36786817217
8.23603306145
8.19543691681
0.00424534082413
8.13685616136
8.15056876117
8.1650952075
8.2305324215
8.24109949714
8.33818215298
8.2950884257
8.54709266686
8.36012054497
8.33716663164
8.25848791815
8.26647230554
8.2558987538
8.44698014406
8.14579503991
0.00541288948059
8.27854814336
8.31656626242
8.23789221843
8.29286246302
8.24012250395
8.17290208518
8.22979730529
8.26040245334
8.40552419311
8.2911465486
8.28216693273
8.38987316041
8.30258074857
8.23060061681
8.27722898634
0.00893510150909
8.19839510339
8.49282601941
8.31718958469
8.34390997016
8.25824943918
8.26451627672
8.35682284874
8.21277730798
8.24596122935
8.29125338727
8.27072637686
8.29411361814
8.24250804517
8.26076281202
8.36598909864
0.00300038433075
8.18807495011
8.47523533773
8.27687163439
8.18070455176
8.416671175
8.16468640219
8.43464240673
8.26388743368
8.20785507751
8.40635316195
8.12225713885
8.47456699657
8.33595489076
8.22350969717
8.25819821766
0.00272506642342
8.16673656121
8.35039846681
8.20345366013
8.20749986796
8.42100547498
8.38074674308
8.10037449422
8.52140238142
8.16706556467
8.27686566097
8.3679286135
8.30863679756
8.1869741767
8.33687238669
8.16385900228
0.000928752779961
8.41204701698
8.24810239108
8.35854377303
8.2514273152
8.33332097254
8.22845975883
8.22345463362
8.35907991052
8.21401712599
8.1987309152
8.45377707648
8.30265809203
8.19801733339
8.43210123524
8.20074971941
0.0116074733734
8.21820002548
8.41819534139
8.43705116695
8.18247713114
8.28539526417
8.22005009441
8.33076369172
8.2373977626
8.20537027293
8.23836884084
8.36141476653
8.39053385605
8.25512812085
8.20184465376
8.24887997508
0.00518797159195
8.22244867873
8.25503790674
8.3172521445
8.37062615982
8.38000412443
8.59308631451
8.2808396042
8.24733183614
8.27443981789
8.31915013435
8.18791790929
8.39685888053
8.2622983872
8.27363319141
8.3352559512
0.0109221839905
8.15148478901
8.25636002219
8.23510400513
8.19551993073
8.41506436115
8.301350264
8.22442510739
8.30232222855
8.37791887573
8.32478503498
8.31773766858
8.16970828442
8.31563404912
8.41579731364
8.14127968306
