Loss
7.70619315195
6.96531027338
7.28262045237
7.30589687766
7.54336651821
7.82156171487
8.14880452036
8.22864309427
8.36166381812
8.17299866618
8.36907661137
8.33374314365
8.47730419883
8.33959724192
8.36245928271
8.40097414335
8.21229874435
8.12965987611
8.33442494366
8.48130208173
8.39447047473
8.50505485845
8.42590105558
8.33525585004
8.47483952651
8.16456547442
8.30256701047
8.45727387954
8.43303658693
8.37924251376
8.41241283641
8.27396380736
8.40038929272
8.30340362476
8.24572189098
8.44330965869
8.40362270963
8.37672055933
8.56528621426
8.45705875031
8.49983935192
8.3779198121
8.40944619623
8.38553629854
8.56527001308
8.29516192931
8.06761462172
8.21287484117
8.36755568425
8.27235192409
8.47322399176
8.65895077987
8.46061777006
8.3916476256
8.65894824604
8.60662220399
8.47586841341
8.30146417504
8.37371686653
8.69834147905
8.27940210271
8.57646557508
8.32044745968
8.4942952113
8.44529330501
8.49301440579
8.65517122622
8.58609452641
8.6880099551
8.50390134919
8.60646580555
8.34091251792
8.46720522846
8.69028996076
8.37760255879
8.5880748745
8.47741075772
8.55269738025
8.55441461896
8.55682702451
8.35292805709
8.68380533465
8.67190182642
8.64575245132
8.56085390745
8.34263795873
8.68953586469
8.53822233468
8.62909778627
8.45204376821
8.75943927689
8.50217182974
8.70127358376
8.62782061663
8.78026934551
8.68524772634
8.58504971819
8.67690621275
8.44240073074
8.73386355672
8.71049117708
8.49421237873
8.66302987623
8.54821383772
8.7892348453
8.59452773789
8.39504602357
8.68571590214
8.73161454288
8.5932359473
8.60818801037
8.54067094745
8.55434207152
9.1265624582
8.75660621014
8.64046716923
8.62435104198
8.81773688211
8.64607726334
8.52145940323
8.56859502377
8.6122092124
8.81537643341
8.68091159449
8.88197323299
8.84483267809
8.56097868514
8.6397110655
8.57871799552
8.80281242913
8.91006122385
8.69212577627
8.82684668559
8.79037964009
8.89110102458
8.79998406809
8.62754589746
8.75741094095
8.80164967171
8.61290071367
8.75552295767
8.91971619119
8.83752410313
8.90492877268
8.65881772735
8.83709822508
8.82401574137
8.75965605315
8.65713298873
8.98820340114
8.87864407218
8.60047405709
8.91572860506
8.79721348373
8.64505121483
8.74209523319
8.78421221964
8.86950849835
8.8592181057
8.90284372044
8.98749104468
8.73181986605
8.79649527381
8.71193179029
8.83332296742
8.61595558958
8.91961145001
8.84546585642
8.69199844352
8.89514138868
8.5516005838
8.93671217322
9.10754256135
8.9199323882
8.88623742451
9.00202693587
8.99414999515
9.02817001324
8.83283556203
8.93705409026
9.10752035356
8.67784874238
8.96315233572
9.07042624208
8.80417220234
9.01452823022
8.79909683832
9.1151969435
8.8383817571
8.89333846173
8.66090992518
8.89757803405
9.03829163446
9.21409795406
8.81223092232
9.09391878056
8.67128069967
8.82287039907
8.72846833994
9.12071585538
9.17029388099
8.9541227019
9.16191599859
8.93507848427
9.415506322
9.28856123017
9.0836420374
9.03443157407
9.22603994547
8.96534649251
8.98690749074
8.91542358543
8.80224544368
9.26171754834
9.0822266383
9.17863318557
9.11715273942
9.0291448275
9.20775226826
8.8669378394
9.21047136184
9.05039116923
9.3171849927
9.39710742796
8.86398520801
9.17309029679
9.14725700596
8.97614950204
9.10363690818
8.98581280517
9.09672299401
8.78961192982
9.23428604461
9.06965776855
9.04582489497
9.43172632357
8.98706421582
8.94151279951
9.26508485199
9.08878617781
9.27442929873
8.98823864377
9.0114880847
9.04274927796
9.01215055045
9.19735118436
9.19218317282
9.07580811121
9.17226133486
9.42782223249
9.19011348117
8.97765225969
9.09343008954
9.51746708151
8.97693535284
9.02403733788
8.9148991595
9.28716161498
8.97713172085
8.98067674312
9.300244653
8.98207401945
9.23509979899
9.28607057968
9.23783648761
9.30331999458
9.10695782445
9.69918707416
9.23052300109
9.30093693656
9.46792510565
9.21919883073
9.25097933421
9.39051581918
9.46606797098
9.14382455605
9.24457826619
9.5183606414
9.13111697613
9.34662006998
9.20923194296
9.22765608642
9.26757281026
9.46364612435
9.50275089579
9.13864075891
9.27263764872
9.25446207535
9.44204811335
8.96745035208
9.25964713795
9.38197952868
9.27067453903
9.57149985134
9.33684629663
9.40263201239
9.4431026555
9.49300283484
9.23963243109
9.37127819648
8.98136113225
9.44365211823
9.14637118247
9.39250153804
9.4130734032
9.3031459285
9.32341161527
9.11964270214
9.52939257623
9.64567388437
9.36899734423
9.40945296515
9.46787509184
9.29813332089
9.26302616597
9.63890239375
9.14186651629
9.83350055907
9.51756614256
9.49683681229
9.37028743326
9.30494406262
9.3426889024
9.30831477414
9.42731796663
9.45089953733
9.43170801323
9.36908449374
9.71727248105
9.37737840031
9.46454781232
9.20587289722
9.3805260276
9.38014519709
9.51352718871
9.43678937596
9.23247777679
9.43680021211
9.54356327709
9.29087524743
9.45598139318
9.64088634025
9.22469702303
9.27152331824
9.43957749328
9.20234777677
9.57011656535
9.37895100643
9.62106679606
9.48999686298
9.50469885822
9.25990006711
9.52028363785
9.95812317801
9.64485786103
9.87365524898
9.66347283248
9.42293303033
9.65656871145
9.4811415347
9.91598630255
9.3200565456
9.68355275716
9.55741523566
9.48635388077
9.81245507213
9.3839815572
9.31735815048
9.68314858214
9.46712017653
9.55501395659
9.80178170816
9.55906118573
10.202728105
9.50336668475
9.26578681474
9.86055054912
9.60004750617
9.56405743493
9.55548619512
9.75849284172
9.36777204463
9.76111271558
9.08139797139
9.50068281244
9.65709456825
9.70553923282
9.56038107955
9.56564895951
9.76954345199
9.53128689834
9.46594026164
9.43279311351
9.76098934159
9.60244216969
9.64340916008
9.59427219982
9.83252301214
9.62957032193
9.5862516187
9.65506537651
9.28370408913
9.70745917528
9.47657882376
9.820124513
9.74553544275
9.58467447771
9.45205551973
9.4334704492
9.42422256092
9.69691270698
9.82280681287
9.50946939202
9.85442577917
9.84661317673
9.89907111366
10.1544699231
9.65113985095
9.83998522824
9.58314394977
9.72019991628
9.16673448777
9.42885986698
9.92650059962
9.5985927166
9.68686717483
9.32562507833
10.1445010705
10.1136212776
9.55911320018
9.73776412263
9.88719576622
9.98864242921
9.58049219575
9.87253083938
9.92322176709
9.5762332418
9.55286810282
9.84496939556
10.1662704909
9.80757561648
9.97336887281
9.69204953417
9.95542554678
9.81326703085
9.72642085271
10.5242485755
9.66164378368
9.99125544085
9.8943900602
9.78829388688
9.66628259081
9.94072054521
10.119446925
9.96673147451
9.98648268064
9.90461777657
9.83153927651
9.60436752416
9.4140696581
9.64247081431
10.0773499093
9.92647606147
10.1241016936
9.85789191365
10.1632110194
9.84880348276
10.0031595429
10.279847432
9.75740087388
9.57954714045
10.0777436806
9.84535806079
10.1038459163
9.58925524077
10.2306432401
10.113936812
10.2847130799
10.082164793
9.98204897156
9.86766708073
9.72509067693
9.66047358147
10.4714921499
9.94107808459
9.95388468996
9.79033264525
9.98361267972
10.220851454
10.8278216382
10.7222527123
10.3161297687
11.0163803727
10.8632637524
11.524521511
10.2947505833
11.2625335186
10.3455049238
10.440148695
10.2974881642
11.0699618695
11.2763221111
11.4969150903
10.9491087685
11.3054383354
11.8180379826
12.0678533873
12.5638566961
13.3762413063
13.4979481247
15.8788570153
15.3544422521
16.886205171
18.423335736
18.2655940082
19.0803011227
19.4908745933
15.9617213073
13.0749261806
12.8108173682
12.5010174098
13.689930529
15.4198007408
14.6024248367
12.985947321
11.8066662875
13.7869491745
13.8281171764
12.8711633821
12.5049436371
12.9657421531
12.7090406446
12.5468157378
12.9879927265
13.478735807
13.7670102451
12.5707531893
12.25531134
12.1310253812
13.2876549612
12.5297437166
12.0326781661
12.9872261496
12.9247422686
12.0112842928
11.975227445
12.9592816364
12.6565651342
12.6165312002
12.9420391384
12.3524615194
11.8164244326
12.4202661018
12.7071526663
12.7023816875
12.5189122413
11.8669833879
11.3806802102
12.4624383295
12.010013695
12.0888943709
12.1893771083
12.0224476187
12.190415594
11.7661182565
12.3371376627
12.6020943288
12.7024545443
12.322849421
12.6428857127
12.7268787797
12.2008940942
11.8950822573
12.1122035858
12.7237555629
12.3083464937
12.3642277527
11.9563905848
12.7090838532
12.790448703
12.0947681046
12.582381287
12.0990001584
12.7530546848
12.9796400401
12.593631209
12.0824083906
12.3661503531
12.4814020008
12.9264533666
12.9101480712
13.0382001098
12.3114600799
11.8066184108
11.3142751545
11.7824578571
12.5997174686
13.2135383455
13.0738471518
12.1395699524
11.7093090944
11.1446512064
11.4190577867
11.537076458
11.7793367193
11.90106522
11.9010375513
11.2360699321
11.876189338
11.8441145535
11.8873576821
12.6251688909
12.1834906096
11.8501177431
12.2641629189
12.6644894742
12.0672905048
11.8144405908
11.2923573645
11.6165970869
11.1896557198
11.6929444293
11.5758942805
12.2601264257
12.6610083247
11.8803308921
11.985714254
12.2638781548
12.3086318934
12.5883538833
12.5319200742
11.9737101236
12.1853348372
12.220129075
12.0444804267
11.5515164718
11.3723054005
10.9507754966
10.8692413333
10.2251033719
11.3993468738
12.0270913789
12.0438922771
11.5091341352
12.0099269502
11.4948170634
11.3094309148
11.353608789
12.335776943
12.2191731638
11.7219954377
11.6871643003
11.901766423
11.8414890066
11.7001399783
12.015615834
12.1920029546
12.2574397244
12.5533882302
13.3598640307
12.9745566506
13.4060148644
12.915644216
12.8019792161
12.8653338638
12.7116846704
12.0631255697
12.2522187495
11.7891119261
11.9393581651
12.2461841468
12.8069853234
12.9050696481
12.9130104577
12.1569306895
11.3215846257
11.1604048504
11.0344873027
11.2768777423
11.5989145888
11.418230235
11.1491257344
10.6721734072
11.1084371715
11.2484944268
11.5608699415
11.1217873215
11.6382871947
11.4924345356
12.4497849118
12.1381885299
11.9127970927
12.2642110893
12.5100025191
12.2202296065
12.0706759143
11.7134230709
11.8177533706
11.535753396
11.715480981
12.0650812331
12.4984501654
12.3747808418
12.7493797845
12.2693855642
12.1292659167
11.8193074306
11.1402645606
10.9258630448
12.7908474212
12.2421740392
11.718698752
11.8044721274
12.4239635711
12.4133301043
11.4055194938
11.4064983031
11.6659073
11.3701114123
11.4084371968
11.0634186833
11.1089271207
11.1021306046
11.4146372848
11.3728676555
11.3719991012
10.9091226877
11.1166707031
11.0005947802
11.8098390289
10.9383669658
10.8403294595
10.4224605905
10.8497187657
10.7434007878
11.3620247832
11.4602312716
10.8828005957
10.4076399814
10.8653687378
10.6930621872
10.7849987096
10.8653607926
11.089424095
11.4045456689
11.2761312705
11.6795096726
11.6374888341
11.6876745775
11.6184814675
11.9406643561
