Loss
7.73327282397
7.02233141044
7.16446140879
7.01948258099
6.94345739397
6.96588194867
7.16559291813
7.20681390631
7.13465956569
7.51035370433
7.64911087458
7.99457440346
8.06131711058
8.06798316246
8.40537782207
8.50803614342
8.57878558763
8.74586132647
9.05873885864
8.95472841496
9.09884783633
8.88089999109
9.57549655262
9.50729277312
10.0068244441
10.0664379031
10.4591858446
10.8448084988
10.5963531715
10.6960067644
10.7466406126
9.99798365024
10.726840691
10.9168957345
10.8244490868
11.4837734383
11.456574607
11.8334530392
11.0524677748
11.9173294928
11.3774735206
12.6608943885
11.9894081268
12.6410036113
12.9035750626
11.8122629463
13.1257679611
12.8037647547
13.4276487147
12.9980624052
13.7894876893
12.4827642962
12.9546555783
13.5450226458
13.2535045154
14.9689712872
14.1217368208
14.5607740947
13.725558596
13.0676184123
13.0134881108
13.3285592666
13.1967774279
14.2443149105
15.1654272831
14.6013795611
15.40966663
17.132687671
16.7736754387
15.5803220912
15.756038551
16.2556213001
15.1013955364
15.5772182063
17.2330734524
16.9135264348
14.8994424559
15.480055372
16.1139586529
16.6133352116
16.5483863682
15.7700695105
16.1529155081
17.7492459089
18.1766382721
17.5142051881
19.9903169404
18.9656267695
18.5881915623
18.1803369415
17.8341690519
18.8490264237
17.6161340148
21.9411058518
21.6821948516
22.3959790915
19.6608862887
19.4474758629
19.1666218112
18.5041484872
20.1017010393
22.7898910079
18.1019320071
18.3245915307
22.5824651306
19.9346192681
21.4555242798
20.2084375142
19.8100371833
21.7939610422
22.2907472833
27.2885932167
28.530347861
23.1696440418
23.7798839561
29.5290478363
32.3269177019
27.6237595491
26.1524139387
29.8343208592
31.9458697241
29.571339689
31.1709641931
35.039279176
43.4248407575
41.9101661769
40.1153344133
39.7489311365
38.5093598139
38.909575799
43.9803227781
42.9214782756
43.3616670671
44.2491002527
41.5810397083
40.8394886935
44.6712993587
45.2726281222
46.5102938254
43.546155342
51.0649913619
43.4010353234
50.7229699929
44.1442781344
46.5341388323
47.6333636435
50.2065987861
48.3149364803
49.2942226138
50.5723746359
51.1487683841
51.1842359797
51.3002283446
50.578871781
49.1100983789
51.9825299452
51.4854543751
54.0543888323
55.8592015419
49.7657930348
48.2497932801
50.965221293
52.6441284106
55.0288096761
50.8013644723
51.5609308008
50.9171251168
52.6517098816
52.6784064046
54.9790663078
55.5166475311
54.2324281339
50.1035484252
56.6560933457
61.0121321853
51.8460648373
51.2950422363
55.4085394638
50.7444123294
51.1033649548
54.5576915746
52.1206890998
54.3096778281
55.2070716365
49.0555367077
58.9128592812
57.3295146913
51.8599137867
57.0002702233
56.3600853927
52.1302922116
54.422020999
52.817217053
52.203172861
55.3424271322
54.295136068
51.4117130382
51.4512394242
53.6737313682
52.007201637
55.6133822278
52.8321915678
51.3258642833
55.9314829588
51.2290608557
54.307672705
52.248011079
53.9636648651
60.4522399628
54.5981688353
55.3125426887
54.1439665964
51.8058342404
51.3645914658
50.2172016069
52.3782203025
58.2824807211
54.9040736776
54.016320515
53.3633336573
55.239174493
61.8769449822
59.1072248718
56.0357745922
56.7671967136
55.5126780951
54.3745874843
59.8913856142
52.8445223848
56.86626376
55.3351311864
56.5889670662
52.653043049
58.2769784112
56.1988953437
49.9854054223
54.8025330821
62.6040129027
56.349984609
55.212224798
56.9428261297
57.5683464057
54.1174819004
52.1610240357
52.6894104329
56.9523730032
54.5141131219
58.7690061883
56.0883139177
55.475895646
54.8797306185
57.8915659043
59.4966294412
56.1456005351
61.5927409102
52.1642101688
48.2612038633
53.2697408534
56.3173920049
53.5057692966
49.7961199064
54.9712332146
55.0046657224
53.1822042374
54.6014968175
53.116836321
54.9226221345
54.7703259978
55.8326711931
54.0218634161
53.8121495033
52.9467484031
54.1700732553
52.6771445084
55.0787308923
52.6569836888
55.2301836918
53.7630244674
48.1366656198
51.10944839
53.9301357911
55.8563333983
56.2964443931
55.8045354655
51.8162226667
53.530615395
52.3457549192
52.474356155
49.5752931299
51.9178061587
51.1359044088
50.3579113288
51.8596169171
52.8760899418
53.6483380686
54.6365577655
54.0902886957
59.2877442462
53.5516071876
55.198268937
55.6250578001
48.9594130608
49.7797285432
50.5311478667
53.508903004
56.0397690606
48.919580574
52.620059678
56.7032982287
50.6327739134
53.0647168115
56.0413070592
52.3212948085
53.8327074719
58.6149686766
52.4525803349
50.4745068275
48.8946049873
50.2387169901
51.2983252398
49.2082524945
50.8327031257
50.5855746693
53.7524045998
53.6592751365
54.110936617
57.2384778396
55.3775457822
56.1668178949
51.3228376986
49.3955271775
52.0676599055
47.4813530562
48.3992911794
53.6840748407
49.7548086064
54.532139188
52.3948614829
56.3265085466
55.1337701388
56.7499380664
53.6920649677
56.9474543882
60.926134867
58.8871797798
53.9781603051
48.153600811
47.795266734
56.8493277278
54.2281983868
52.88255732
52.9725182294
51.374106281
53.2466748883
52.1118488033
57.9253679012
55.8852110821
57.626360563
59.2805475705
59.0982544492
56.7651068646
52.0047470122
53.4972332461
52.6632536868
52.4624066258
57.2183526049
56.487876685
55.1021194675
55.6466015832
58.4763784754
51.7325853589
58.0577996094
58.2647466795
59.059852481
58.0749647229
55.2589228819
51.1595138882
54.7567729178
53.7897126659
51.7890096813
56.5812650273
55.1486944304
57.3572356399
53.9934024229
58.170995327
52.2469689392
54.7791368877
55.2694365649
55.8790214713
55.7207110663
54.4432511521
52.2108676994
47.8610291569
52.3297732646
52.9911126713
54.5576181156
54.2606540577
52.527543274
56.8171429936
56.8381359915
55.212332026
53.0541189595
57.1838533747
57.4702752606
55.0390811842
55.3921456043
50.8504031287
50.8235945578
51.8139369703
49.3146456727
53.7816803662
56.6757982522
56.1776929135
63.870346793
53.7852290691
54.7002466243
57.0975323879
56.2421339945
58.1638165279
52.4430820802
57.813306092
51.8106469102
53.3537839782
51.3734946741
56.2549448343
54.7363826858
55.4513319682
54.1993529259
53.0463541095
57.02651223
54.4607732919
58.2294511742
56.3758083176
56.0401446151
53.3462308996
56.6078155636
51.9021690132
49.5722114503
53.2943555469
53.463603409
50.1620048325
54.663385937
54.2893981269
54.6918811443
57.8615807583
59.1643112727
55.6634958334
56.522954907
57.4432777027
57.7842442193
60.1626128484
56.3384776765
50.363774235
52.4072058942
53.6109758885
52.9917949139
52.4681676031
55.2354680299
58.6295809044
59.1997585831
56.1221218836
55.2726832845
61.2411628727
60.0139242947
54.9683905277
61.5173131756
51.3665982529
55.8182367302
54.4404929353
55.6641168621
51.6766454246
54.5099146389
51.4591027028
55.3451356819
54.6414746303
55.139806683
55.3721310689
57.1505617863
58.1857005066
55.8925460322
61.1315151549
49.3343028675
54.3371061272
54.9101780626
51.3102473084
53.7799037112
54.4527629327
54.7754997943
55.6949337895
52.7294895019
53.8717274097
57.2358775961
59.9740817303
60.2526593318
57.0466030265
59.0509686173
50.7873072051
50.8352602808
49.4034895241
52.621519955
51.1525614223
53.6041771528
56.8432504015
52.4520445471
53.202493605
56.0934956813
55.3483925561
54.7586174461
58.4340361616
58.3138675302
52.8424700688
50.952832603
54.4281189805
51.9831417791
54.4839908481
52.4171291569
52.2584455706
54.6980630557
52.1897409189
56.5081327879
52.4146673297
56.3537393144
58.1215594532
53.7498256116
52.5058865109
52.7862851607
50.9486175563
50.2439597539
51.4800460644
48.0473807045
51.2139889611
50.1417035465
53.0827570391
52.2164786145
52.0431423614
50.0317306953
55.6119243305
55.906879594
53.3808847704
55.088124028
56.2447066378
51.204903056
51.8368586124
53.6357562636
49.1681523563
48.4985991143
54.7061795322
53.487302007
52.3646278557
52.0884547985
53.6076953138
54.7022043363
51.0505192145
52.8945632422
50.8648839155
56.1286200844
51.6763070001
47.6649544133
49.1256064887
48.8426056551
52.5220807919
51.5600864468
53.0830332259
50.2935948183
54.903590759
56.2101825885
53.2087637484
53.5532054891
51.7747565606
53.8951861848
53.4117592635
47.8914125888
51.8498416434
49.1196368439
49.6350216224
51.6206404861
50.5502004314
48.7716373287
50.4679414767
54.8987221776
55.678734963
51.5299807713
53.2242171594
56.4909997856
54.2212181877
53.4663405656
55.0542222253
46.9330538483
49.3129708831
45.9260123353
53.9372650024
52.5464060335
49.0872323454
49.6316535406
57.0211840833
52.2999676623
55.0284473912
52.0331726683
48.8813174449
53.7246143964
54.2955233122
51.8650328777
53.2599721153
46.7670032692
48.3666757136
51.2496617998
55.0213909976
50.9352172225
51.8484448824
54.6324496653
50.7567554164
51.1802264531
53.1416668455
53.1300423965
53.6908529031
52.8148969349
48.1047756799
48.2402501
48.247049522
51.0370079338
47.1436542742
45.960303682
48.7888945932
53.2010114423
48.0034765874
53.6153460636
50.2037491684
49.9961670738
51.5393544395
52.1637890099
55.4660594495
49.3644341008
47.8337764273
49.7982091376
53.8160005229
49.6035294142
49.9977309352
49.076085373
49.0644947656
52.0321404369
52.9112387021
54.0990226221
56.7686774381
54.4978645683
51.6518946781
52.3513812614
51.3810769304
49.2072591142
51.0550416347
48.8057332484
50.3126556677
47.0138172526
52.608635845
51.8898741702
51.0218791852
51.9340292836
53.5223574364
51.3372096018
50.3652592627
50.7398076145
51.6266019573
48.839805261
46.920117573
49.3198421438
47.7447014584
48.4749656458
46.0374946602
50.0642324844
52.8002990019
51.4792671312
48.6174861007
50.080440186
47.2392536655
54.0574187068
49.9085611621
51.6648880915
50.3196465078
49.53402767
49.675959689
53.7086474678
49.9076867616
50.0606057576
53.0191239579
51.2500385861
50.4421730933
51.0679232933
52.9446111018
54.7185352619
48.5286343597
48.8257774664
52.0018255574
49.0324580264
47.7574422145
46.9495576005
47.2464082935
47.7274733893
49.6984569813
49.9855904334
50.5493576254
53.679399531
56.139016934
48.854030766
55.0454452117
53.176720879
49.4300543488
51.7993688193
51.2470216984
47.8229628084
52.9371918869
49.0283762168
50.8107009775
48.1377457298
53.3389462797
49.0280992853
51.9655502387
54.9405619287
51.9381668175
53.2786607366
55.0174107823
56.2838669886
51.7272944044
53.4972305736
50.1914887694
48.2957873933
48.4012786268
49.6525469403
48.7840367569
50.2259151515
52.7846635247
55.2676973009
53.3257716065
53.2794662613
49.2555363646
52.449514987
48.9765035757
47.9969949495
50.0617124579
50.1563035276
48.1954294953
47.9550343313
49.1122949207
49.7562740957
53.0635126541
48.4521193494
56.0670162606
51.2159873596
55.6178529699
50.9200251069
54.9384995498
53.0998029813
50.0527415219
